procedure 03

vi R1 R2 R3 |   V0    Vb
5  0  90 40   +0.08  +0.88
   10	      +0.02   +0.53
   20         +0.02   +0.51
   25         +0.03   +0.51
   40         +0.04   +0.49
   60         +0.85   +0.48
   65	      +4.87   +0.39

procedure 04

vi R1   R2  R3 |   V0    Vb
0   2.5  90  40   +5.00  -5.00
5   2.5  90  40   +5.00  -5.00


procedure 01

vi R1   R2  R3 |   V0    Vb
5  2.5  90  0    +0.08  +0.88
            50   +0.01  +0.61
            100  +0.00  +0.00

procedure 02

vi R1   R2  R3 |   V0    Vb
5  2.5   0  40    +5.00  -5.00
        10        +5.00  -4.50
        50        +5.00   2.50
        70        +5.00  -1.50
        95        +5.00  -0.25
       100        +5.00   0.00